----------Matrix A---------------
[8] [2] [2] [7] [1] [7] [4] [6] [1] [7] 
[1] [8] [1] [5] [7] [7] [4] [9] [1] [5] 
[2] [2] [5] [1] [3] [8] [8] [5] [3] [6] 
[7] [8] [0] [3] [7] [0] [2] [8] [6] [5] 
[2] [0] [4] [9] [7] [2] [6] [8] [3] [9] 
[1] [1] [7] [5] [1] [4] [8] [3] [3] [4] 
[3] [6] [1] [7] [0] [6] [2] [0] [8] [2] 
[0] [5] [6] [3] [5] [3] [8] [1] [8] [4] 
[1] [3] [0] [3] [2] [0] [6] [4] [7] [5] 
[9] [5] [2] [6] [9] [1] [5] [4] [3] [4] 

----------Matrix B---------------
[0] [2] [9] [6] [3] [5] [0] [4] [2] [2] 
[7] [6] [5] [7] [4] [5] [2] [9] [7] [5] 
[4] [7] [1] [6] [0] [7] [8] [9] [1] [3] 
[6] [2] [8] [3] [8] [9] [3] [9] [9] [1] 
[5] [0] [6] [9] [8] [4] [3] [6] [1] [0] 
[2] [6] [0] [3] [3] [3] [7] [4] [5] [2] 
[6] [1] [7] [4] [8] [2] [8] [9] [7] [1] 
[9] [9] [0] [1] [9] [0] [1] [9] [0] [9] 
[0] [3] [5] [8] [7] [3] [7] [4] [9] [3] 
[8] [7] [7] [0] [2] [0] [6] [5] [9] [6] 

----------Matrix AB--------------
[217][208][228][155][224][163][180][294][231][156]
[284][232][200][200][282][157][187][346][228][182]
[212][205][172][171][212][125][238][289][212][144]
[233][195][248][234][273][152][142][308][217][179]
[289][212][256][188][299][174][225][358][256][170]
[185][163][166][150][187][145][216][274][201][109]
[128][139][182][177][183][161][167][222][246][96]
[197][165][209][231][230][163][248][301][252][117]
[161][124][172][138][198][88][152][213][202][113]
[224][158][288][251][275][196][167][324][221][131]
---------------------------------
